0.14108288288116455
0.2665783166885376
0.3428308665752411
0.7038959264755249
0.7740334868431091
0.8103293180465698
0.8517799377441406
0.8948611617088318
0.8610859513282776
0.8722954392433167
0.8349068760871887
0.8437827825546265
0.8556702733039856
0.8526503443717957
0.836037814617157
0.8870252370834351
0.8971282839775085
0.9007346630096436
0.8643500208854675
0.9080231189727783
0.9979516863822937
1.0497632026672363
1.0363396406173706
1.0452526807785034
1.0756186246871948
1.0611987113952637
1.0236469507217407
1.0772086381912231
1.0712769031524658
1.0476844310760498
1.0364855527877808
1.028738260269165
1.0224281549453735
1.0611884593963623
1.0931085348129272
1.0528055429458618
1.071279525756836
1.1411515474319458
1.130327820777893
1.158990502357483
1.198611855506897
1.1722952127456665
1.1764320135116577
1.2167110443115234
1.2773244380950928
1.2118068933486938
1.2383935451507568
1.2497185468673706
1.2343674898147583
1.2182018756866455
1.2570022344589233
1.2659417390823364
1.2486813068389893
1.2600420713424683
1.225100040435791
1.215386152267456
1.1851470470428467
1.2226635217666626
1.1837071180343628
1.1805591583251953
1.1698018312454224
1.1759042739868164
1.206691026687622
1.2055933475494385
1.2324241399765015
1.2629204988479614
1.2669214010238647
1.3205848932266235
1.322350025177002
1.374825358390808
1.2929356098175049
1.2921688556671143
1.3242127895355225
1.341599941253662
1.3405429124832153
1.3592723608016968
1.31691575050354
1.3466100692749023
1.36800217628479
1.3699703216552734
1.3435592651367188
1.303900122642517
1.3028665781021118
1.338485598564148
1.4129761457443237
1.4531322717666626
1.488777995109558
1.4925953149795532
1.4696282148361206
1.4064366817474365
1.4046975374221802
1.4493035078048706
1.4820197820663452
1.4733165502548218
1.4705249071121216
1.4613267183303833
1.4800809621810913
1.5022295713424683
1.452998399734497
1.4238225221633911
1.3892966508865356
1.3879646062850952
1.4140316247940063
1.4146496057510376
1.4331823587417603
1.4328385591506958
1.4377917051315308
1.4606547355651855
1.4607679843902588
1.4489797353744507
1.4740121364593506
1.4545538425445557
1.4490340948104858
1.4348435401916504
1.408826231956482
1.3981883525848389
1.4108788967132568
1.4261118173599243
1.4015337228775024
1.4065309762954712
1.452580213546753
1.4490694999694824
1.4232134819030762
1.4540907144546509
1.428792953491211
1.498382568359375
1.4926766157150269
1.4802417755126953
1.4459004402160645
1.4670356512069702
1.5385279655456543
1.5114256143569946
1.5888748168945313
1.5348836183547974
1.4861345291137695
1.4810010194778442
1.4592413902282715
1.4612435102462769
1.4814072847366333
1.4584712982177734
1.4218487739562988
1.4478999376296997
1.4884642362594604
1.5839059352874756
1.619773030281067
1.6729097366333008
1.7390265464782715
1.7503832578659058
1.7185074090957642
1.7813349962234497
1.8032952547073364
1.7915327548980713
1.8302624225616455
1.8974145650863647
1.8790656328201294
1.9095995426177979
1.9616081714630127
1.9115434885025024
1.8826267719268799
1.915290355682373
1.9494891166687012
1.9419595003128052
1.8835481405258179
1.8989143371582031
1.8356789350509644
1.8322478532791138
1.863121509552002
1.9013118743896484
1.8648391962051392
1.8429290056228638
1.868957281112671
1.8637627363204956
1.869404911994934
1.935288667678833
1.9432040452957153
1.9100571870803833
1.8978774547576904
1.8678710460662842
1.9142392873764038
1.932532787322998
1.942835807800293
1.9303207397460938
1.9387023448944092
1.9367809295654297
1.9524705410003662
1.9175834655761719
1.9267311096191406
1.9329092502593994
1.9083107709884644
1.921409249305725
2.0188958644866943
2.0026657581329346
1.9686678647994995
1.9225726127624512
1.9356595277786255
1.8893282413482666
1.905716896057129
1.8342429399490356
1.850921630859375
1.834925889968872
1.808685302734375
1.7853795289993286
1.8557791709899902
1.8557790517807007
